# ws=     150, wn=      10, m1=      10, m2=     130
# ls=  1.0000, ts=  0.5000, gs=  0.5000, d0= -0.5000, d1=  0.5000
# mst=  0.5000, msb=  1.5000
# tn=  1.0000, mn=  1.0000
# t1t=  0.5000, t1b=  0.2000
# t2t=  0.3000, t1b=  0.4000
# Output: ev/ds,p21(iev),p12(iev)
   0.0000010   0.0000000   0.0000000
   0.0010010   0.0000000   0.0000000
   0.0020010   0.0000000   0.0000000
   0.0030010   0.0000000   0.0000000
   0.0040010   0.0000000   0.0000000
   0.0050010   0.0000000   0.0000000
   0.0060010   0.0000000   0.0000000
   0.0070010   0.0000000   0.0000000
   0.0080010   0.0000000   0.0000000
   0.0090010   0.0000000   0.0000000
   0.0100009   0.0000000   0.0000000
   0.0110009   0.0000000   0.0000000
   0.0120009   0.0000000   0.0000000
   0.0130009   0.0000000   0.0000000
   0.0140009   0.0000000   0.0000000
   0.0150009   0.0000000   0.0000000
   0.0160009   0.0000000   0.0000000
   0.0170009   0.0000000   0.0000000
   0.0180009   0.0000000   0.0000000
   0.0190009   0.0000000   0.0000000
   0.0200009   0.0000000   0.0000000
   0.0210009   0.0000000   0.0000000
   0.0220009   0.0000000   0.0000000
   0.0230009   0.0000000   0.0000000
   0.0240009   0.0000000   0.0000000
   0.0250009   0.0000000   0.0000000
   0.0260009   0.0000000   0.0000000
   0.0270009   0.0000000   0.0000000
   0.0280009   0.0000000   0.0000000
   0.0290009   0.0000000   0.0000000
   0.0300009   0.0000000   0.0000000
   0.0310008   0.0000000   0.0000000
   0.0320008   0.0000000   0.0000000
   0.0330008   0.0000000   0.0000000
   0.0340008   0.0000000   0.0000000
   0.0350008   0.0000000   0.0000000
   0.0360008   0.0000000   0.0000000
   0.0370008   0.0000000   0.0000000
   0.0380008   0.0000000   0.0000000
   0.0390008   0.0000000   0.0000000
   0.0400008   0.0000000   0.0000000
   0.0410008   0.0000000   0.0000000
   0.0420008   0.0000000   0.0000000
   0.0430008   0.0000000   0.0000000
   0.0440008   0.0000000   0.0000000
   0.0450008   0.0000000   0.0000000
   0.0460008   0.0000000   0.0000000
   0.0470008   0.0000000   0.0000000
   0.0480008   0.0000000   0.0000000
   0.0490008   0.0000000   0.0000000
   0.0500008   0.0000000   0.0000000
   0.0510007   0.0000000   0.0000000
   0.0520007   0.0000000   0.0000000
   0.0530007   0.0000000   0.0000000
   0.0540007   0.0000000   0.0000000
   0.0550007   0.0000000   0.0000000
   0.0560007   0.0000000   0.0000000
   0.0570007   0.0000000   0.0000000
   0.0580007   0.0000000   0.0000000
   0.0590007   0.0000000   0.0000000
   0.0600007   0.0000000   0.0000000
   0.0610007   0.0000000   0.0000000
   0.0620007   0.0000000   0.0000000
   0.0630007   0.0000000   0.0000000
   0.0640007   0.0000000   0.0000000
   0.0650007   0.0000000   0.0000000
   0.0660007   0.0000000   0.0000000
   0.0670007   0.0000000   0.0000000
   0.0680007   0.0000000   0.0000000
   0.0690007   0.0000000   0.0000000
   0.0700006   0.0000000   0.0000000
   0.0710006   0.0000000   0.0000000
   0.0720006   0.0000000   0.0000000
   0.0730006   0.0000000   0.0000000
   0.0740006   0.0000000   0.0000000
   0.0750006   0.0000000   0.0000000
   0.0760006   0.0000000   0.0000000
   0.0770006   0.0000000   0.0000000
   0.0780006   0.0000000   0.0000000
   0.0790006   0.0000000   0.0000000
   0.0800006   0.0000000   0.0000000
   0.0810006   0.0000000   0.0000000
   0.0820006   0.0000000   0.0000000
   0.0830006   0.0000000   0.0000000
   0.0840006   0.0000000   0.0000000
   0.0850006   0.0000000   0.0000000
   0.0860006   0.0000000   0.0000000
   0.0870006   0.0000000   0.0000000
   0.0880006   0.0000000   0.0000000
   0.0890006   0.0000000   0.0000000
   0.0900006   0.0000000   0.0000000
   0.0910005   0.0000000   0.0000000
   0.0920005   0.0000000   0.0000000
   0.0930005   0.0000000   0.0000000
   0.0940005   0.0000000   0.0000000
   0.0950005   0.0000000   0.0000000
   0.0960005   0.0000000   0.0000000
   0.0970005   0.0000000   0.0000000
   0.0980005   0.0000000   0.0000000
   0.0990005   0.0000000   0.0000000
   0.1000005   0.0000000   0.0000000
   0.1010005   0.0000000   0.0000000
   0.1020005   0.0000000   0.0000000
   0.1030005   0.0000000   0.0000000
   0.1040005   0.0000000   0.0000000
   0.1050005   0.0000000   0.0000000
   0.1060005   0.0000000   0.0000000
   0.1070005   0.0000000   0.0000000
   0.1080005   0.0000000   0.0000000
   0.1090005   0.0000000   0.0000000
   0.1100004   0.0000000   0.0000000
   0.1110004   0.0000000   0.0000000
   0.1120004   0.0000000   0.0000000
   0.1130004   0.0000000   0.0000000
   0.1140004   0.0000000   0.0000000
   0.1150004   0.0000000   0.0000000
   0.1160004   0.0000000   0.0000000
   0.1170004   0.0000000   0.0000000
   0.1180004   0.0000000   0.0000000
   0.1190004   0.0000000   0.0000000
   0.1200004   0.0000000   0.0000000
   0.1210004   0.0000000   0.0000000
   0.1220004   0.0000000   0.0000000
   0.1230004   0.0000000   0.0000000
   0.1240004   0.0000000   0.0000000
   0.1250004   0.0000000   0.0000000
   0.1260004   0.0000000   0.0000000
   0.1270004   0.0000000   0.0000000
   0.1280004   0.0000000   0.0000000
   0.1290004   0.0000000   0.0000000
   0.1300004   0.0000000   0.0000000
   0.1310003   0.0000000   0.0000000
   0.1320003   0.0000000   0.0000000
   0.1330003   0.0000000   0.0000000
   0.1340003   0.0000000   0.0000000
   0.1350003   0.0000000   0.0000000
   0.1360003   0.0000000   0.0000000
   0.1370003   0.0000000   0.0000000
   0.1380003   0.0000000   0.0000000
   0.1390003   0.0000000   0.0000000
   0.1400003   0.0000000   0.0000000
   0.1410003   0.0000000   0.0000000
   0.1420003   0.0000000   0.0000000
   0.1430003   0.0000000   0.0000000
   0.1440003   0.0000000   0.0000000
   0.1450003   0.0000000   0.0000000
   0.1460003   0.0000000   0.0000000
   0.1470003   0.0000000   0.0000000
   0.1480003   0.0000000   0.0000000
   0.1490003   0.0000000   0.0000000
   0.1500003   0.0000000   0.0000000
   0.1510002   0.0000000   0.0000000
   0.1520002   0.0000000   0.0000000
   0.1530002   0.0000000   0.0000000
   0.1540002   0.0000000   0.0000000
   0.1550002   0.0000000   0.0000000
   0.1560002   0.0000000   0.0000000
   0.1570002   0.0000000   0.0000000
   0.1580002   0.0000000   0.0000000
   0.1590002   0.0000000   0.0000000
   0.1600002   0.0000000   0.0000000
   0.1610002   0.0000000   0.0000000
   0.1620002   0.0000000   0.0000000
   0.1630002   0.0000000   0.0000000
   0.1640002   0.0000000   0.0000000
   0.1650002   0.0000000   0.0000000
   0.1660002   0.0000000   0.0000000
   0.1670002   0.0000000   0.0000000
   0.1680002   0.0000000   0.0000000
   0.1690002   0.0000000   0.0000000
   0.1700002   0.0000000   0.0000000
   0.1710001   0.0000000   0.0000000
   0.1720001   0.0000052   0.0000052
   0.1730001   0.0000431   0.0000434
   0.1740001   0.0000699   0.0000709
   0.1750001   0.0000846   0.0000863
   0.1760001   0.0001779   0.0001820
   0.1770001   0.0000941   0.0000971
   0.1780001   0.0001316   0.0001390
   0.1790001   0.0002652   0.0002800
   0.1800001   0.0004715   0.0004917
   0.1810001   0.0007257   0.0007536
   0.1820001   0.0008212   0.0008391
   0.1830001   0.0011959   0.0012162
   0.1840001   0.0020134   0.0020647
   0.1850001   0.0029240   0.0030047
   0.1860001   0.0057338   0.0059463
   0.1870001   0.0070356   0.0072350
   0.1880001   0.0134589   0.0137709
   0.1890001   0.0188337   0.0191866
   0.1900001   0.0192894   0.0195761
   0.1910000   0.0268504   0.0271941
   0.1920000   0.0208113   0.0211399
   0.1930000   0.0265466   0.0268633
   0.1940000   0.0447974   0.0451736
   0.1950000   0.0813562   0.0816568
   0.1960000   0.0774242   0.0774613
   0.1970000   0.0474461   0.0476469
   0.1980000   0.0510615   0.0505614
   0.1990000   0.0692046   0.0682091
   0.2000000   0.1107865   0.1085052
